0.505476
0.533663
0.562168
0.583525
0.599398
0.611448
0.620778
0.628105
0.633909
0.638526
0.642194
0.645090
0.647348
0.649068
0.650332
0.651204
0.651739
0.651978
0.651957
0.654794
0.657459
0.659924
0.662210
0.664335
0.666316
0.668167
0.669901
0.671530
0.673063
0.674508
0.675874
0.677167
0.678395
0.679563
0.680676
0.681738
0.682754
0.683727
0.684661
0.685560
0.686427
0.687263
0.688072
0.688857
0.689618
0.690359
0.691081
0.691786
0.692474
0.693148
0.693809
0.694457
0.695095
0.695723
0.696342
0.696952
0.697555
0.698150
0.698739
0.699322
0.699900
0.700472
0.701039
0.701601
0.702158
0.702711
0.703260
0.703805
0.704347
0.704884
0.705419
0.705949
0.706476
0.707000
0.707521
0.708038
0.708552
0.709064
0.709571
0.710076
0.710577
0.711074
0.711569
0.712059
0.712547
0.713031
0.713512
0.713989
0.714463
0.714932
0.715399
0.715861
0.716319
0.716774
0.717224
0.717671
0.718114
0.718553
0.718988
0.719420
0.719848
0.720272
0.720692
0.721108
0.721520
0.721928
0.722332
0.722733
0.723130
0.723524
0.723913
0.724299
0.724681
0.725060
0.725435
0.725806
0.726173
0.726537
0.726898
0.727254
0.727608
0.727957
0.728304
0.728647
0.728986
0.729322
0.729654
0.729984
0.730309
0.730631
0.730950
0.731266
0.731579
0.731889
0.732195
0.732498
0.732798
0.733095
0.733389
0.733680
0.733968
0.734253
0.734535
0.734815
0.735092
0.735365
0.735637
0.735906
0.736171
0.736434
0.736695
0.736952
0.737208
0.737460
0.737710
0.737958
0.738204
0.738447
0.738688
0.738926
0.739162
0.739396
0.739627
0.739995
0.740413
0.740827
0.741240
0.741650
0.742057
0.742462
0.742864
0.743264
0.743662
0.744057
0.744450
0.744841
0.745229
0.745615
0.745998
0.746379
0.746757
0.747133
0.747507
0.747878
0.748248
0.748615
0.748980
0.749343
0.749704
0.750063
0.750419
0.750773
0.751126
0.751476
0.751825
0.752171
0.752515
0.752857
0.753197
0.753535
0.753871
0.754205
0.754537
0.754868
0.755197
0.755523
0.755848
0.756171
0.756492
0.756811
0.757129
0.757444
0.757758
0.758070
0.758380
0.758689
0.758996
0.759301
0.759605
0.759906
0.760207
0.760505
0.760802
0.761097
0.761391
0.761683
0.761974
0.762263
0.762550
0.762836
0.763120
0.763404
0.763685
0.763965
0.764243
0.764519
0.764794
0.765068
0.765340
0.765611
0.765880
0.766148
0.766415
0.766680
0.766943
0.767206
0.767467
0.767726
0.767984
0.768241
