0.513379
0.544401
0.565754
0.582300
0.596292
0.608502
0.619434
0.629376
0.639519
0.649247
0.657882
0.665601
0.672542
0.678811
0.684674
0.690040
0.694949
0.699449
0.703579
0.707370
0.711165
0.715162
0.718927
0.722474
0.725811
0.728950
0.731899
0.734670
0.737272
0.739714
0.742005
0.744156
0.746174
0.748069
0.749848
0.751525
0.753103
0.754588
0.755986
0.757303
0.758546
0.759719
0.760828
0.761877
0.762871
0.763813
0.764707
0.765557
0.766366
0.767137
0.767872
0.768575
0.769246
0.769890
0.770507
0.771099
0.771669
0.772217
0.772745
0.773254
0.773746
0.774222
0.774682
0.775128
0.775561
0.775981
0.776390
0.776787
0.777175
0.777552
0.777921
0.778280
0.778631
0.778975
0.779311
0.779640
0.779963
0.780280
0.780591
0.780896
0.781196
0.781490
0.781781
0.782066
0.782347
0.782624
0.782898
0.783167
0.783433
0.783700
0.783981
0.784259
0.784535
0.784808
0.785078
0.785346
0.785611
0.785873
0.786133
0.786392
0.786647
0.786901
0.787153
0.787403
0.787651
0.787897
0.788141
0.788383
0.788624
0.788863
0.789100
0.789336
0.789570
0.789803
0.790034
0.790265
0.790493
0.790721
0.790947
0.791172
0.791396
0.791618
0.791839
0.792059
0.792278
0.792496
0.792712
0.792928
0.793142
0.793356
0.793568
0.793780
0.793990
0.794199
0.794407
0.794614
0.794820
0.795025
0.795228
0.795431
0.795633
0.795834
0.796034
0.796233
0.796431
0.796627
0.796823
0.797018
0.797213
0.797406
0.797598
0.797790
0.797981
0.798171
0.798360
0.798549
0.798736
0.798922
0.799108
0.799293
0.799477
0.799660
0.799842
0.800023
0.800203
0.800382
0.800561
0.800739
0.800916
0.801092
0.801267
0.801441
0.801615
0.801788
0.801960
0.802131
0.802302
0.802472
0.802641
0.802810
0.802977
0.803144
0.803310
0.803475
0.803639
0.803802
0.803964
0.804126
0.804286
0.804446
0.804605
0.804763
0.804920
0.805077
0.805233
0.805387
0.805541
0.805694
0.805846
0.805997
0.806148
0.806297
0.806446
0.806593
0.806740
0.806886
0.807031
0.807176
0.807319
0.807462
0.807604
0.807745
0.807886
0.808026
0.808164
0.808303
0.808440
0.808577
0.808713
0.808848
0.808983
0.809117
0.809250
0.809383
0.809514
0.809645
0.809775
0.809904
0.810033
0.810160
0.810288
0.810414
0.810540
0.810665
0.810790
0.810914
0.811037
0.811160
0.811282
0.811402
0.811523
0.811642
0.811761
0.811879
0.811997
0.812114
0.812230
0.812346
0.812461
0.812576
