0.510603
0.544724
0.571850
0.594063
0.612922
0.629307
0.643893
0.657295
0.669636
0.681042
0.691575
0.701275
0.710178
0.718327
0.725771
0.732568
0.738775
0.744455
0.749667
0.754464
0.758900
0.763020
0.766863
0.770465
0.773855
0.777058
0.780094
0.782977
0.785720
0.788335
0.790830
0.793216
0.795500
0.797688
0.799787
0.801804
0.803743
0.805608
0.807403
0.809133
0.810799
0.812406
0.813954
0.815446
0.816884
0.818271
0.819608
0.820896
0.822138
0.823334
0.824486
0.825595
0.826662
0.827689
0.828808
0.829967
0.831081
0.832151
0.833180
0.834167
0.835114
0.836023
0.836893
0.837726
0.838523
0.839285
0.840013
0.840707
0.841369
0.842000
0.842600
0.843170
0.843711
0.844224
0.844710
0.845169
0.845602
0.846010
0.846393
0.846754
0.847091
0.847406
0.847699
0.847971
0.848223
0.848455
0.848669
0.848863
0.849040
0.849200
0.849343
0.849470
0.849581
0.849677
0.849758
0.849824
0.849877
0.849917
0.849944
0.849959
0.849962
0.849953
0.849934
0.849903
0.849862
0.849812
0.849751
0.849681
0.849603
0.849515
0.849420
0.849316
0.849205
0.849086
0.848959
0.848826
0.848686
0.848539
0.848386
0.848227
0.848063
0.847893
0.847717
0.847537
0.847352
0.847162
0.846968
0.846769
0.846567
0.846360
0.846150
0.845935
0.845717
0.845496
0.845272
0.845044
0.844813
0.844580
0.844343
0.844105
0.843863
0.843619
0.843373
0.843124
0.842873
0.842620
0.842365
0.842108
0.841849
0.841587
0.841325
0.841061
0.840795
0.840528
0.840259
0.839990
0.839718
0.839446
0.839172
0.838898
0.838622
0.838345
0.838067
0.837789
0.837509
0.837228
0.836947
0.836665
0.836391
0.836198
0.836005
0.835812
0.835620
0.835428
0.835237
0.835046
0.834856
0.834666
0.834477
0.834288
0.834100
0.833913
0.833726
0.833540
0.833354
0.833169
0.832985
0.832801
0.832619
0.832437
0.832255
0.832075
0.831895
0.831717
0.831539
0.831362
0.831187
0.831012
0.830837
0.830664
0.830492
0.830321
0.830150
0.829981
0.829812
0.829645
0.829478
0.829313
0.829148
0.828984
0.828822
0.828660
0.828499
0.828339
0.828180
0.828022
0.827864
0.827708
0.827553
0.827399
0.827246
0.827094
0.826942
0.826792
0.826643
0.826495
0.826348
0.826201
0.826056
0.825912
0.825769
0.825626
0.825485
0.825345
0.825206
0.825067
0.824930
0.824794
0.824659
0.824525
0.824391
0.824259
0.824128
0.823998
0.823868
0.823740
0.823612
0.823486
0.823360
0.823236
