0.702264
0.786523
0.833915
0.862396
0.880001
0.891172
0.898673
0.903996
0.907961
0.911035
0.913497
0.915519
0.917214
0.918655
0.919894
0.920966
0.921897
0.922709
0.923416
0.924030
0.924562
0.925020
0.925411
0.925740
0.926013
0.926234
0.926406
0.926534
0.926619
0.926665
0.926674
0.926728
0.926808
0.926856
0.926872
0.926858
0.926818
0.926752
0.926661
0.926547
0.926412
0.926256
0.926080
0.925886
0.925674
0.925446
0.925201
0.924941
0.924667
0.924379
0.924078
0.923764
0.923438
0.923100
0.922752
0.922393
0.922024
0.921645
0.921257
0.920861
0.920456
0.920042
0.919622
0.919193
0.918758
0.918316
0.917868
0.917414
0.916954
0.916488
0.916017
0.915542
0.915061
0.914576
0.914087
0.913593
0.913096
0.912595
0.912090
0.911583
0.911072
0.910558
0.910041
0.909522
0.909000
0.908476
0.907950
0.907422
0.906892
0.906360
0.905826
0.905291
0.904754
0.904216
0.903677
0.903137
0.902596
0.902054
0.901512
0.900969
0.900425
0.899880
0.899335
0.898790
0.898245
0.897699
0.897153
0.896608
0.896062
0.895516
0.894970
0.894425
0.893879
0.893334
0.892789
0.892245
0.891701
0.891157
0.890614
0.890071
0.889529
0.888988
0.888447
0.887907
0.887368
0.886829
0.886291
0.885754
0.885219
0.884683
0.884149
0.883616
0.883084
0.882554
0.882024
0.881495
0.880967
0.880441
0.879916
0.879391
0.878868
0.878346
0.877825
0.877306
0.876788
0.876271
0.875755
0.875241
0.874728
0.874216
0.873706
0.873197
0.872689
0.872182
0.871677
0.871173
0.870670
0.870169
0.869669
0.869171
0.868674
0.868179
0.867685
0.867193
0.866701
0.866212
0.865724
0.865237
0.864752
0.864268
0.863786
0.863305
0.862825
0.862347
0.861871
0.861396
0.860922
0.860450
0.859979
0.859510
0.859042
0.858576
0.858112
0.857649
0.857187
0.856727
0.856268
0.855811
0.855355
0.854901
0.854448
0.853997
0.853644
0.853312
0.852982
0.852654
0.852326
0.852001
0.851676
0.851353
0.851032
0.850712
0.850394
0.850077
0.849761
0.849447
0.849134
0.848823
0.848513
0.848204
0.847897
0.847591
0.847286
0.846983
0.846681
0.846381
0.846081
0.845784
0.845487
0.845192
0.844898
0.844605
0.844314
0.844023
0.843734
0.843447
0.843161
0.842876
0.842592
0.842309
0.842028
0.841748
0.841469
0.841191
0.840914
0.840638
0.840364
0.840091
0.839819
0.839547
0.839277
0.839008
0.838741
0.838474
0.838209
0.837944
0.837681
0.837428
0.837184
0.836942
